-43
82
-34
80
-62
-100
-57
10
-84
62
41
58
-40
-28
32
79
48
56
-97
-56
-64
-96
-95
-73
-2
83
-5
-67
71
-64
6
12
-19
77
-10
32
-2
82
-26
-73
70
-86
-71
25
-93
-34
46
49
-74
92
-56
-95
100
36
-99
-16
85
-53
54
14
50
-62
-91
-38
1
15
-67
-52
-25
42
78
52
96
87
-9
-31
27
-79
-9
3
100
82
10
-5
-14
-39
48
-16
26
83
-42
45
-73
83
-41
-71
74
94
44
-70
78
-71
47
-17
75
8
45
-88
70
18
-39
70
53
14
34
30
26
-86
78
58
-20
-45
-83
89
97
90
41
45
38
-6
47
9
18
-64
-67
73
-21
-50
99
13
51
-49
-53
-40
-42
-21
52
-11
-95
-92
74
-95
-65
80
-54
64
65
24
32
5
-94
12
-70
52
73
-68
-75
55
-47
-72
65
-58
-59
67
-42
-45
44
-95
59
96
64
91
11
-56
56
-71
10
-46
-65
-60
-52
40
-50
46
15
-62
5
-68
11
61
-97
5
-3
94
43
-15
44
-3
-70
80
-33
64
-52
87
-93
11
-63
-55
52
-11
-27
-38
-26
55
65
48
2
-6
-6
16
-78
-64
33
90
64
29
4
-53
70
59
0
-40
-25
-46
93
53
4
-73
29
-9
-94
-41
-10
90
29
33
-80
9
-50
-24
-11
-21
24
-7
83
89
-95
-51
3
-92
-93
64
-49
-56
79
37
59
-98
72
-94
-48
-23
-63
91
-87
-69
-34
-87
1
-96
-75
-15
47
-51
-79
-50
-94
-86
6
34
-49
-37
22
23
-79
71
-73
-98
-34
-93
87
32
70
59
-75
-100
1
96
20
29
-17
-73
20
19
2
-41
-50
-54
-97
-86
-48
-20
23
95
30
50
-34
21
3
-97
31
-34
-82
-68
61
32
-89
-57
46
81
51
71
-79
43
-70
56
40
1
42
-59
66
-18
-59
-77
-46
-63
-24
70
9
-19
61
-2
-76
-99
-48
-42
5
-5
-21
-32
-70
100
-84
-10
-94
-90
-9
-6
20
-78
-69
31
-62
-90
-47
-96
31
43
-37
-47
15
81
50
-89
-60
41
27
62
-9
-63
-24
-75
25
-60
-95
38
87
-77
-59
75
-33
61
73
50
95
-48
66
-22
91
-49
86
93
8
-75
-10
33
-61
-75
36
-78
29
42
22
6
-75
97
1
-90
-17
11
-90
-71
-99
34
57
64
-48
-16
23
89
16
22
86
-36
97
-31
-70
98
-73
18
36
12
-62
-11
51
13
-27
-92
99
28
16
25
33
63
-62
-75
-88
8
-8
-24
-32
96
13
-15
86
-17
4
0
-23
-14
-38
-65
42
77
23
18
-19
-35
-54
60
25
-2
0
74
9
10
-88
-12
-51
96
-82
-77
-66
-54
10
13
1
47
9
-5
-60
46
-32
-15
-1
-95
-50
48
89
-76
87
35
99
30
-9
68
67
80
-99
-45
-50
-70
38
43
64
85
-8
12
40
79
-39
99
81
61
88
3
-60
-29
43
-5
48
2
31
60
86
59
5
-47
-14
16
-96
61
65
22
47
-53
52
59
25
79
90
-24
-16
23
5
83
48
85
-47
-93
-69
-22
92
89
78
6
-52
-31
91
46
-28
42
-10
65
-82
80
-93
6
-3
47
10
31
-87
-6
-77
70
31
-39
-3
-39
28
-4
-88
-56
40
81
13
19
4
75
-54
-2
-59
96
62
90
-71
64
-18
-95
-33
-70
18
51
70
55
-74
65
-47
69
15
-18
64
29
-72
57
53
67
6
-27
-84
37
69
41
19
-92
8
49
5
-11
27
78
-98
-81
73
-16
-36
-88
87
33
-11
84
8
-72
-92
-7
94
-14
84
-27
-9
29
17
37
40
40
28
2
55
-61
-56
84
-60
-96
-68
22
65
-83
-54
-27
-49
-70
39
17
45
34
-28
84
67
61
70
51
-75
48
88
84
-15
22
-96
92
30
-60
-90
-97
-88
-45
-71
-1
1
-98
-1
62
74
16
56
36
-45
63
-84
99
35
-44
-5
14
-40
30
-69
88
-75
-76
-28
82
-62
68
64
70
-46
87
-97
12
-44
-14
-77
29
34
-37
2
33
-94
-61
65
-93
-37
85
76
5
24
-17
66
53
45
-19
-1
9
-84
-99
-49
-31
93
-16
45
-12
-49
68
-60
62
-6
22
-12
-52
16
-80
80
27
10
11
59
-15
4
-90
43
47
78
22
-93
75
11
-1
78
-50
61
28
81
-13
-8
13
44
-17
-87
58
-53
75
23
72
81
-8
-81
77
68
-41
58
90
-75
11
-40
-74
0
-63
22
87
88
-51
95
6
75
58
-98
99
-71
83
99
-92
10
48
52
-83
-79
55
27
46
-70
-22
-47
4
-70
38
73
-12
42
-30
-72
93
-2
78
71
-4
-46
83
8
74
62
61
66
51
89
-81
-99
-76
-93
-14
23
-2
51
-38
80
38
-34
-69
80
-24
-53
-17
86
12
48
-78
27
15
-97
58
-15
95
32
-91
-49
38
-4
-99
-23
-34
17
36
-31
-28
78
-48
-81
25
-2
40
-17
59
-32
-34
32
29
-96
51
-89
32
51
12
20
-2
60
-50
28
86
82
45
55
70
-35
-49
59
-7
35
40
-17
-4
82
-82
-69
43
-29
82
-80
41
-28
99
64
-36
-29
-75
-81
-8
55
12
-16
77
76
33
-4
67
-3
11
-83
37
-70
78
-34
-53
3
-96
-41
-89
92
52
-89
-26
67
-59
29
47
-35
-17
-47
-37
80
89
6
-24
50
7
96
26
-74
-63
-29
-51
-55
-75
97
71
-38
53
4
-69
51
-41
90
-36
-82
97
-87
48
-97
-10
-100
-99
-97
28
-74
62
37
-41
-26
-99
-16
-66
67
-80
92
78
-62
12
-65
-98
93
29
97
-39
-84
-23
-89
-30
-68
26
22
86
-68
47
95
-93
8
83
49
-11
88
-98
72
86
-82
91
-21
-19
-25
70
23
-40
-41
6
67
-92
-34
48
63
-76
-4
-30
-20
97
-13
-89
-79
-19
70
-86
-31
57
82
-14
-29
-52
-50
4
55
-49
-46
19
50
-81
-50
37
65
5
2
77
83
-4
0
15
-41
64
-96
70
91
1
-92
-41
11
-87
74
-38
-90
21
54
-16
-8
99
-41
-2
9
95
-73
47
-3
88
-50
-24
-28
-4
-84
99
60
-18
-56
-92
38
-85
98
-26
-95
54
-92
-47
-18
30
5
86
-61
-10
-48
57
-88
8
50
32
-66
53
-7
-80
17
94
86
-91
-14
49
88
45
84
30
12
-57
17
94
92
-42
89
28
4
-19
77
40
-17
3
84
-15
27
65
77
-47
7
-12
-25
-83
-30
-55
3
64
93
-39
69
-74
-14
-55
-24
-28
-69
89
48
83
-20
55
-44
31
38
10
12
-62
-34
-25
37
-67
-56
0
-95
-50
53
-94
-14
78
-82
-59
70
26
-50
62
-34
6
-90
-24
57
83
94
100
-74
-93
73
-93
54
-28
0
6
81
-5
42
-69
-54
-96
64
-58
6
55
49
25
-13
98
78
53
-84
99
-14
-60
-44
29
10
-4
-11
-8
58
58
-10
-100
61
-68
89
65
-8
-16
-61
74
85
-78
39
-100
84
100
-63
71
-90
32
-75
99
63
-86
96
-51
23
58
-97
59
91
-46
84
-51
0
-47
-87
-81
-20
68
88
29
-35
7
23
-35
15
31
61
11
-88
-44
54
72
21
-80
99
-37
-28
-88
43
26
1
53
14
-20
65
55
9
-53
-76
-85
-29
71
66
-15
98
18
3
-1
64
16
25
-89
-57
45
-67
-69
-97
92
-51
88
70
81
-64
-86
-75
-44
24
58
-7
97
-98
97
-87
-14
-7
-12
-58
23
28
28
19
-58
70
89
-96
-32
45
99
-29
5
30
8
-67
-71
-28
20
57
25
-19
19
67
74
88
-15
63
-93
59
-60
63
-54
-75
27
-36
18
-44
-95
62
20
32
-19
-83
10
-16
47
-60
-41