7
75
-91
-87
27
-25
6
-38
-63
-15
35
12
3
54
-99
-15
-91
88
-100
-11
-85
96
-75
-21
-39
24
49
-50
36
-50
9
0
-65
-12
-82
17
83
94
39
72
32
-52
-96
-16
-2
-95
-78
-6
-28
40
18
-67
3
9
71
-86
-4
88
-65
84
-83
-71
-63
61
24
-76
-76
37
-54
-83
60
-96
57
-88
99
54
75
23
41
-47
-13
99
-96
-96
60
61
-81
-15
-77
-62
-93
-59
58
28
-7
-51
16
-3
-70
-92
33
36
-42
21
36
26
-56
-81
45
-52
36
49
-72
43
76
61
49
100
32
78
45
-76
-35
86
-97
1
-34
26
69
-6
80
-46
-32
14
54
-80
2
46
87
-93
-45
47
-47
69
-33
-7
30
27
20
-21
31
95
89
58
-88
7
-29
99
44
86
-70
59
-52
-50
-98
77
96
-36
-63
-77
65
37
93
79
37
65
70
85
-28
6
59
-75
31
-87
-53
-18
5
-45
-57
86
-36
-62
-37
51
37
29
-53
-49
20
28
7
82
49
-41
-37
47
9
21
-88
-47
8
93
40
47
-54
-60
-54
-25
-58
-82
92
41
-14
-13
-40
88
84
-61
66
-66
-87
-2
31
34
76
-7
38
58
-67
-4
77
-79
-22
-17
68
44
-54
-80
-77
14
-14
10
-49
-22
65
43
3
22
19
-64
83
95
-88
-77
-25
16
-66
-77
-50
90
30
75
98
-43
-25
90
-4
25
61
-17
44
-24
57
-17
-35
-34
44
12
-18
46
81
26
-23
57
-66
-42
-70
39
-86
-25
-55
40
-71
80
39
-81
31
-7
50
-37
-38
-76
5
-93
-17
86
-5
58
-11
-68
33
14
-83
13
-22
-91
69
81
66
88
-18
-55
-32
-74
66
46
-94
-52
-27
-30
53
14
90
-17
-43
87
59
71
61
-59
-37
96
70
75
91
38
-77
-46
32
-58
51
45
29
-87
11
63
-98
-33
-36
-76
-31
-1
-78
-69
-20
-37
-74
35
79
13
100
-64
94
-72
32
78
-92
17
-52
49
17
70
-87
40
99
17
28
44
-28
72
-17
65
10
97
31
-58
-100
-66
-60
2
35
-27
34
58
67
-53
76
-99
-66
-31
19
-76
-68
-76
-20
56
-87
72
-49
-15
-79
-12
-79
-97
-86
16
-74
-25
40
-97
53
-20
81
15
52
27
89
-92
52
-49
-54
-74
-78
-98
69
-41
-51
-43
-32
18
7
-33
-22
87
-91
24
-6
51
-87
28
-32
97
10
98
-71
-27
-14
5
32
67
5
-31
62
-98
83
-7
23
80
73
23
-32
19
7
44
-26
-10
4
-55
21
71
-3
2
48
98
7
-15
47
32
5
-60
-64
-44
51
98
-46
-12
-34
49
65
61
-31
71
-32
58
-3
-1
93
75
90
-3
66
-60
-25
-5
22
-75
100
59
60
78
-94
97
-8
-87
99
-50
57
-53
93
-50
57
-68
46
47
89
-21
-18
-29
24
-37
-1
-70
99
94
-57
77
-62
100
37
-20
-49
-7
-55
91
-90
-25
-7
-18
71
-13
-41
44
-27
68
3
44
47
-6
76
19
-88
-62
79
89
-92
-97
-24
60
-93
6
-18
-74
69
74
-16
-58
6
-91
-83
84
-71
-86
19
23
6
78
-29
37
-35
19
-41
46
34
-60
4
75
-34
-7
-73
-37
59
-18
67
27
96
68
15
-97
-42
-67
3
99
32
-1
-95
58
-4
0
-76
-11
-50
-65
-20
-26
16
-56
-33
-37
-57
64
-38
-35
-37
86
27
73
67
36
-16
-78
5
-88
-87
-50
37
37
99
-7
-54
-83
-61
-25
60
75
-93
20
69
-90
19
-74
-4
59
35
66
-92
-5
19
58
60
69
-83
55
14
-92
-31
3
64
-42
9
-60
26
-86
98
-1
73
-88
27
40
3
90
72
-54
-66
-36
-99
-19
-9
40
-95
47
-70
-21
-79
74
-90
26
60
81
-10
-39
96
-2
-89
-38
-78
95
-43
-25
-70
-61
8
95
-22
-25
-78
99
85
3
-41
-3
90
13
97
-92
-76
12
2
46
-24
41
24
-61
58
96
-64
87
-3
13
-86
7
-42
19
-40
-44
-16
38
-6
-45
14
-44
-50
41
-16
-96
-2
6
-91
88
-90
90
53
-40
74
94
65
34
12
70
-98
79
-65
42
63
95
26
-91
-78
38
58
1
-92
-95
66
-90
37
-49
-39
12
-38
-12
-13
6
5
56
32
-3
68
8
82
25
-42
-13
-92
56
-1
-77
-19
49
39
58
92
24
97
5
1
-91
71
-29
90
28
5
63
-62
74
-55
-50
65
-36
-54
67
-72
-70
54
75
81
-77
-39
-73
-61
-29
69
-88
-3
57
97
86
-59
-77
2
-18
-41
88
-52
95
-37
-24
53
-79
32
70
34
-63
28
-9
5
-55
-3
59
76
33
-55
37
87
61
29
81
-6
-39
-46
9
27
-35
58
-1
-85
-8
-67
70
-24
-16
62
-6
-88
-11
-74
-2
2
68
-59
67
-5
39
-30
-25
65
-40
72
98
-92
-95
-81
12
52
-15
71
-14
-68
-75
19
32
-91
-37
-18
88
17
-93
-73
72
-49
33
58
-51
-93
-54
34
-69
49
12
-47
-40
-91
66
-38
49
-18
-2
-20
-69
32
-62
-36
-36
-95
-21
9
34
-79
71
-47
79
100
-100
-72
-81
-29
33
74
71
-90
11
-69
0
18
59
-96
-3
47
-79
50
6
18
-75
73
59
-80
4
-89
-64
75
-84
-15
-61
-99
-38
-17
-13
-36
-56
-15
-67
22
-43
82
-18
-33
41
31
-20
-10
99
43
-91
-82
-90
40
84
-11
-81
99
27
31
-71
-82
-25
71
-42
82
-75
66
-69
46
17
71
42
31
-20
-54
-94
5
-13
-67
40
82
91
-44
18
96
-22
-7
-43
19
22
85
-73
-63
-44
-17
-7
-80
31
43
-45
5
98
-20
-72
33
40
-16
62
29
-35
13
-51
-63
-49
80
5
1
15
-77
1
98
-67
45
43
-33
-31
95
-61
-17
74
66
36
-52
59
-57
-83
-49
50
30
57
-21
-72
-88
100
-93
71
-84
15
45
2
2
-57
-19
91
9
62
26
4
-37
-14
-92
70
-21
-79
10
12
29
-40
19
18
72
0
29
-55
6
77
-82
69
69
31
-28
-63
-80
-57
-51
-63
-19
58
31
45
-94
78
77
97
88
49
62
-67
-30
-33
-26
-80
-26
31
45
-82
-21
-71
6
-40
-100
-73
91
-91
36
-70
-61
-24
73
57
59
99
4
-23
-88
-46
36
-97
84
-55
88
54
-43
100
-21
-35
-9
-29
22
-46
-52
48
-89
-5
19
-3
-44
65
16
94
-15
25
86
60
-83
-6
-77
-88
-9
-18
-14
43
99
28
-80
-12
40
25
-91
-54
56
0
-25
-2
-41
-55
45
-67
89
-17
78
-82
-50
89
-57
69
96
68
28
15
18
88
-61
27
-83
34
78
41
-21
67
-77
-77
-20
-95
49
-84
96
74
-81
44
51
21
-60
-80
-94
68
8
63
-35
-20
-67
30
-24
62
-98
34
-52
87
-66
21
-6
69
-57
51
-33
-54
-2
18
48
75
71
-79
19
-25
-54
-65
32
2
30
99
89
-24
48
-25
-15
98
59
28
97
40
-61
-99
-50
-30
80
36
24
26
8
79
-41
-40
0
-93
32
-93
-45
82
-80
44
25
-26
-96
-79
40
49
86
27
41
-12
39
-63
15
35
0
33
15
-31
-72
-49
-90
-4
23
19
-38
95
-36
-76
94
15
-50
91
-39
34
98
-31
-74
-84
-41
-3
78
23
46
-12
-6
-16
33
50
53
-5
-34
-8
-59
64
56
-60
4
-18
87
56
73
-92
-35
84
-23
41
81
34
52
1
-72
23
41
100
67
-80
39
-1
20
29
77
-14
60
73
-44
85
6
-2
-48
-73
-94
34
15
-14
-11
20
-39
96
80
55
67
47
12
73
-66
-17
-100
-86
-39
-19
-83
-57
90
12
-73
-38
85
-70